Xing Wang
Problem: Bandit_1
CPU Time: 0.036027344 seconds
Expected Total Reward: 24.91
Optimal Policy: 
Default Finite horizon solver
********* Best Policy *********

Stage: 0
STATE      ------> ACTION    
(0,0,0,0)  ------> (3)       
Stage: 1
STATE      ------> ACTION    
(0,0,0,0)  ------> (3)       
(0,0,0,1)  ------> (3)       
(0,0,1,0)  ------> (3)       
(0,1,0,0)  ------> (3)       
(1,0,0,0)  ------> (3)       
Stage: 2
STATE      ------> ACTION    
(0,0,0,0)  ------> (3)       
(0,0,0,1)  ------> (3)       
(0,0,0,2)  ------> (2)       
(0,0,1,0)  ------> (3)       
(0,0,1,1)  ------> (3)       
(0,0,2,0)  ------> (3)       
(0,1,0,0)  ------> (3)       
(0,1,0,1)  ------> (3)       
(0,1,1,0)  ------> (3)       
(0,2,0,0)  ------> (3)       
(1,0,0,0)  ------> (3)       
(1,0,0,1)  ------> (3)       
(1,0,1,0)  ------> (3)       
(1,1,0,0)  ------> (3)       
(2,0,0,0)  ------> (3)       
Stage: 3
STATE      ------> ACTION    
(0,0,0,0)  ------> (3)       
(0,0,0,1)  ------> (3)       
(0,0,0,2)  ------> (2)       
(0,0,1,0)  ------> (3)       
(0,0,1,1)  ------> (3)       
(0,0,1,2)  ------> (2)       
(0,0,2,0)  ------> (3)       
(0,0,2,1)  ------> (3)       
(0,1,0,0)  ------> (3)       
(0,1,0,1)  ------> (3)       
(0,1,0,2)  ------> (2)       
(0,1,1,0)  ------> (3)       
(0,1,1,1)  ------> (3)       
(0,1,2,0)  ------> (3)       
(0,2,0,0)  ------> (3)       
(0,2,0,1)  ------> (3)       
(0,2,1,0)  ------> (3)       
(1,0,0,0)  ------> (3)       
(1,0,0,1)  ------> (3)       
(1,0,0,2)  ------> (2)       
(1,0,1,0)  ------> (3)       
(1,0,1,1)  ------> (3)       
(1,0,2,0)  ------> (3)       
(1,1,0,0)  ------> (3)       
(1,1,0,1)  ------> (3)       
(1,1,1,0)  ------> (3)       
(1,2,0,0)  ------> (3)       
(2,0,0,0)  ------> (3)       
(2,0,0,1)  ------> (3)       
(2,0,1,0)  ------> (3)       
(2,1,0,0)  ------> (3)       
Stage: 4
STATE      ------> ACTION    
(0,0,0,0)  ------> (3)       
(0,0,0,1)  ------> (3)       
(0,0,0,2)  ------> (2)       
(0,0,1,0)  ------> (3)       
(0,0,1,1)  ------> (3)       
(0,0,1,2)  ------> (2)       
(0,0,2,0)  ------> (3)       
(0,0,2,1)  ------> (3)       
(0,0,2,2)  ------> (1)       
(0,1,0,0)  ------> (3)       
(0,1,0,1)  ------> (3)       
(0,1,0,2)  ------> (2)       
(0,1,1,0)  ------> (3)       
(0,1,1,1)  ------> (3)       
(0,1,1,2)  ------> (2)       
(0,1,2,0)  ------> (3)       
(0,1,2,1)  ------> (3)       
(0,2,0,0)  ------> (3)       
(0,2,0,1)  ------> (3)       
(0,2,0,2)  ------> (2)       
(0,2,1,0)  ------> (3)       
(0,2,1,1)  ------> (3)       
(0,2,2,0)  ------> (3)       
(1,0,0,0)  ------> (3)       
(1,0,0,1)  ------> (3)       
(1,0,0,2)  ------> (2)       
(1,0,1,0)  ------> (3)       
(1,0,1,1)  ------> (3)       
(1,0,1,2)  ------> (2)       
(1,0,2,0)  ------> (3)       
(1,0,2,1)  ------> (3)       
(1,1,0,0)  ------> (3)       
(1,1,0,1)  ------> (3)       
(1,1,0,2)  ------> (2)       
(1,1,1,0)  ------> (3)       
(1,1,1,1)  ------> (3)       
(1,1,2,0)  ------> (3)       
(1,2,0,0)  ------> (3)       
(1,2,0,1)  ------> (3)       
(1,2,1,0)  ------> (3)       
(2,0,0,0)  ------> (3)       
(2,0,0,1)  ------> (3)       
(2,0,0,2)  ------> (2)       
(2,0,1,0)  ------> (3)       
(2,0,1,1)  ------> (3)       
(2,0,2,0)  ------> (3)       
(2,1,0,0)  ------> (3)       
(2,1,0,1)  ------> (3)       
(2,1,1,0)  ------> (3)       
(2,2,0,0)  ------> (3)       
Stage: 5
STATE      ------> ACTION    
(0,0,0,0)  ------> (3)       
(0,0,0,1)  ------> (3)       
(0,0,0,2)  ------> (2)       
(0,0,1,0)  ------> (3)       
(0,0,1,1)  ------> (3)       
(0,0,1,2)  ------> (2)       
(0,0,2,0)  ------> (3)       
(0,0,2,1)  ------> (3)       
(0,0,2,2)  ------> (1)       
(0,1,0,0)  ------> (3)       
(0,1,0,1)  ------> (3)       
(0,1,0,2)  ------> (2)       
(0,1,1,0)  ------> (3)       
(0,1,1,1)  ------> (3)       
(0,1,1,2)  ------> (2)       
(0,1,2,0)  ------> (3)       
(0,1,2,1)  ------> (3)       
(0,1,2,2)  ------> (1)       
(0,2,0,0)  ------> (3)       
(0,2,0,1)  ------> (3)       
(0,2,0,2)  ------> (2)       
(0,2,1,0)  ------> (3)       
(0,2,1,1)  ------> (3)       
(0,2,1,2)  ------> (2)       
(0,2,2,0)  ------> (3)       
(0,2,2,1)  ------> (3)       
(1,0,0,0)  ------> (3)       
(1,0,0,1)  ------> (3)       
(1,0,0,2)  ------> (2)       
(1,0,1,0)  ------> (3)       
(1,0,1,1)  ------> (3)       
(1,0,1,2)  ------> (2)       
(1,0,2,0)  ------> (3)       
(1,0,2,1)  ------> (3)       
(1,0,2,2)  ------> (1)       
(1,1,0,0)  ------> (3)       
(1,1,0,1)  ------> (3)       
(1,1,0,2)  ------> (2)       
(1,1,1,0)  ------> (3)       
(1,1,1,1)  ------> (3)       
(1,1,1,2)  ------> (2)       
(1,1,2,0)  ------> (3)       
(1,1,2,1)  ------> (3)       
(1,2,0,0)  ------> (3)       
(1,2,0,1)  ------> (3)       
(1,2,0,2)  ------> (2)       
(1,2,1,0)  ------> (3)       
(1,2,1,1)  ------> (3)       
(1,2,2,0)  ------> (3)       
(2,0,0,0)  ------> (3)       
(2,0,0,1)  ------> (3)       
(2,0,0,2)  ------> (2)       
(2,0,1,0)  ------> (3)       
(2,0,1,1)  ------> (3)       
(2,0,1,2)  ------> (2)       
(2,0,2,0)  ------> (3)       
(2,0,2,1)  ------> (3)       
(2,1,0,0)  ------> (3)       
(2,1,0,1)  ------> (3)       
(2,1,0,2)  ------> (2)       
(2,1,1,0)  ------> (3)       
(2,1,1,1)  ------> (3)       
(2,1,2,0)  ------> (3)       
(2,2,0,0)  ------> (3)       
(2,2,0,1)  ------> (3)       
(2,2,1,0)  ------> (3)       
Stage: 6
STATE      ------> ACTION    
(0,0,0,0)  ------> (3)       
(0,0,0,1)  ------> (3)       
(0,0,0,2)  ------> (2)       
(0,0,1,0)  ------> (3)       
(0,0,1,1)  ------> (3)       
(0,0,1,2)  ------> (2)       
(0,0,2,0)  ------> (3)       
(0,0,2,1)  ------> (3)       
(0,0,2,2)  ------> (1)       
(0,1,0,0)  ------> (3)       
(0,1,0,1)  ------> (3)       
(0,1,0,2)  ------> (2)       
(0,1,1,0)  ------> (2)       
(0,1,1,1)  ------> (3)       
(0,1,1,2)  ------> (2)       
(0,1,2,0)  ------> (3)       
(0,1,2,1)  ------> (3)       
(0,1,2,2)  ------> (1)       
(0,2,0,0)  ------> (3)       
(0,2,0,1)  ------> (3)       
(0,2,0,2)  ------> (2)       
(0,2,1,0)  ------> (3)       
(0,2,1,1)  ------> (3)       
(0,2,1,2)  ------> (2)       
(0,2,2,0)  ------> (3)       
(0,2,2,1)  ------> (3)       
(0,2,2,2)  ------> (0)       
(1,0,0,0)  ------> (3)       
(1,0,0,1)  ------> (3)       
(1,0,0,2)  ------> (2)       
(1,0,1,0)  ------> (3)       
(1,0,1,1)  ------> (3)       
(1,0,1,2)  ------> (2)       
(1,0,2,0)  ------> (3)       
(1,0,2,1)  ------> (3)       
(1,0,2,2)  ------> (1)       
(1,1,0,0)  ------> (3)       
(1,1,0,1)  ------> (3)       
(1,1,0,2)  ------> (2)       
(1,1,1,0)  ------> (2)       
(1,1,1,1)  ------> (3)       
(1,1,1,2)  ------> (2)       
(1,1,2,0)  ------> (3)       
(1,1,2,1)  ------> (3)       
(1,1,2,2)  ------> (1)       
(1,2,0,0)  ------> (3)       
(1,2,0,1)  ------> (3)       
(1,2,0,2)  ------> (2)       
(1,2,1,0)  ------> (3)       
(1,2,1,1)  ------> (3)       
(1,2,1,2)  ------> (2)       
(1,2,2,0)  ------> (3)       
(1,2,2,1)  ------> (3)       
(2,0,0,0)  ------> (3)       
(2,0,0,1)  ------> (3)       
(2,0,0,2)  ------> (2)       
(2,0,1,0)  ------> (3)       
(2,0,1,1)  ------> (3)       
(2,0,1,2)  ------> (2)       
(2,0,2,0)  ------> (3)       
(2,0,2,1)  ------> (3)       
(2,0,2,2)  ------> (1)       
(2,1,0,0)  ------> (3)       
(2,1,0,1)  ------> (3)       
(2,1,0,2)  ------> (2)       
(2,1,1,0)  ------> (2)       
(2,1,1,1)  ------> (3)       
(2,1,1,2)  ------> (2)       
(2,1,2,0)  ------> (3)       
(2,1,2,1)  ------> (3)       
(2,2,0,0)  ------> (3)       
(2,2,0,1)  ------> (3)       
(2,2,0,2)  ------> (2)       
(2,2,1,0)  ------> (3)       
(2,2,1,1)  ------> (3)       
(2,2,2,0)  ------> (3)       
Stage: 7
STATE      ------> ACTION    
(0,0,0,0)  ------> (3)       
(0,0,0,1)  ------> (3)       
(0,0,0,2)  ------> (3)       
(0,0,1,0)  ------> (2)       
(0,0,1,1)  ------> (3)       
(0,0,1,2)  ------> (2)       
(0,0,2,0)  ------> (3)       
(0,0,2,1)  ------> (3)       
(0,0,2,2)  ------> (3)       
(0,1,0,0)  ------> (1)       
(0,1,0,1)  ------> (3)       
(0,1,0,2)  ------> (1)       
(0,1,1,0)  ------> (2)       
(0,1,1,1)  ------> (3)       
(0,1,1,2)  ------> (2)       
(0,1,2,0)  ------> (1)       
(0,1,2,1)  ------> (3)       
(0,1,2,2)  ------> (1)       
(0,2,0,0)  ------> (3)       
(0,2,0,1)  ------> (3)       
(0,2,0,2)  ------> (3)       
(0,2,1,0)  ------> (2)       
(0,2,1,1)  ------> (3)       
(0,2,1,2)  ------> (2)       
(0,2,2,0)  ------> (3)       
(0,2,2,1)  ------> (3)       
(0,2,2,2)  ------> (3)       
(1,0,0,0)  ------> (0)       
(1,0,0,1)  ------> (3)       
(1,0,0,2)  ------> (0)       
(1,0,1,0)  ------> (2)       
(1,0,1,1)  ------> (3)       
(1,0,1,2)  ------> (2)       
(1,0,2,0)  ------> (0)       
(1,0,2,1)  ------> (3)       
(1,0,2,2)  ------> (0)       
(1,1,0,0)  ------> (1)       
(1,1,0,1)  ------> (3)       
(1,1,0,2)  ------> (1)       
(1,1,1,0)  ------> (2)       
(1,1,1,1)  ------> (3)       
(1,1,1,2)  ------> (2)       
(1,1,2,0)  ------> (1)       
(1,1,2,1)  ------> (3)       
(1,1,2,2)  ------> (1)       
(1,2,0,0)  ------> (0)       
(1,2,0,1)  ------> (3)       
(1,2,0,2)  ------> (0)       
(1,2,1,0)  ------> (2)       
(1,2,1,1)  ------> (3)       
(1,2,1,2)  ------> (2)       
(1,2,2,0)  ------> (0)       
(1,2,2,1)  ------> (3)       
(1,2,2,2)  ------> (0)       
(2,0,0,0)  ------> (3)       
(2,0,0,1)  ------> (3)       
(2,0,0,2)  ------> (3)       
(2,0,1,0)  ------> (2)       
(2,0,1,1)  ------> (3)       
(2,0,1,2)  ------> (2)       
(2,0,2,0)  ------> (3)       
(2,0,2,1)  ------> (3)       
(2,0,2,2)  ------> (3)       
(2,1,0,0)  ------> (1)       
(2,1,0,1)  ------> (3)       
(2,1,0,2)  ------> (1)       
(2,1,1,0)  ------> (2)       
(2,1,1,1)  ------> (3)       
(2,1,1,2)  ------> (2)       
(2,1,2,0)  ------> (1)       
(2,1,2,1)  ------> (3)       
(2,1,2,2)  ------> (1)       
(2,2,0,0)  ------> (3)       
(2,2,0,1)  ------> (3)       
(2,2,0,2)  ------> (3)       
(2,2,1,0)  ------> (2)       
(2,2,1,1)  ------> (3)       
(2,2,1,2)  ------> (2)       
(2,2,2,0)  ------> (3)       
(2,2,2,1)  ------> (3)       
Value Function:
(0,0,0,0)    :     -24.91
