Xing Wang
Problem: QueueControl_d
CPU Time: 48.753941159 seconds
Expected Total Reward: 8823.08
Optimal Policy: 
Default Finite horizon solver
********* Best Policy *********

Stage: 0
STATE      ------> ACTION    
(50)       ------> (0,50)    
Stage: 1
STATE      ------> ACTION    
(0)        ------> (0,0)     
(1)        ------> (0,1)     
(2)        ------> (0,2)     
(3)        ------> (0,3)     
(4)        ------> (0,4)     
(5)        ------> (0,5)     
(6)        ------> (0,6)     
(7)        ------> (0,7)     
(8)        ------> (0,8)     
(9)        ------> (0,9)     
(10)       ------> (0,10)    
(11)       ------> (0,11)    
(12)       ------> (0,12)    
(13)       ------> (0,13)    
(14)       ------> (0,14)    
(15)       ------> (0,15)    
(16)       ------> (0,16)    
(17)       ------> (0,17)    
(18)       ------> (0,18)    
(19)       ------> (0,19)    
(20)       ------> (0,20)    
(21)       ------> (0,21)    
(22)       ------> (0,22)    
(23)       ------> (0,23)    
(24)       ------> (0,24)    
(25)       ------> (0,25)    
(26)       ------> (0,26)    
(27)       ------> (0,27)    
(28)       ------> (0,28)    
(29)       ------> (0,29)    
(30)       ------> (0,30)    
(31)       ------> (0,31)    
(32)       ------> (0,32)    
(33)       ------> (0,33)    
(34)       ------> (0,34)    
(35)       ------> (0,35)    
(36)       ------> (0,36)    
(37)       ------> (0,37)    
(38)       ------> (0,38)    
(39)       ------> (0,39)    
(40)       ------> (0,40)    
(41)       ------> (0,41)    
(42)       ------> (0,42)    
(43)       ------> (0,43)    
(44)       ------> (0,44)    
(45)       ------> (0,45)    
(46)       ------> (0,46)    
(47)       ------> (0,47)    
(48)       ------> (0,48)    
(49)       ------> (0,49)    
(50)       ------> (0,50)    
(51)       ------> (0,51)    
(52)       ------> (0,52)    
(53)       ------> (0,53)    
(54)       ------> (0,54)    
(55)       ------> (0,55)    
(56)       ------> (1,55)    
(57)       ------> (1,56)    
(58)       ------> (2,56)    
(59)       ------> (2,57)    
(60)       ------> (3,57)    
(61)       ------> (3,58)    
(62)       ------> (4,58)    
(63)       ------> (4,59)    
(64)       ------> (5,59)    
(65)       ------> (5,60)    
(66)       ------> (6,60)    
(67)       ------> (6,61)    
(68)       ------> (7,61)    
(69)       ------> (7,62)    
(70)       ------> (8,62)    
(71)       ------> (8,63)    
(72)       ------> (9,63)    
(73)       ------> (9,64)    
(74)       ------> (10,64)   
(75)       ------> (10,65)   
(76)       ------> (11,65)   
(77)       ------> (11,66)   
(78)       ------> (12,66)   
(79)       ------> (12,67)   
(80)       ------> (13,67)   
(81)       ------> (13,68)   
(82)       ------> (14,68)   
(83)       ------> (14,69)   
(84)       ------> (15,69)   
(85)       ------> (15,70)   
(86)       ------> (16,70)   
(87)       ------> (16,71)   
(88)       ------> (17,71)   
(89)       ------> (17,72)   
(90)       ------> (18,72)   
(91)       ------> (18,73)   
(92)       ------> (19,73)   
(93)       ------> (19,74)   
(94)       ------> (20,74)   
(95)       ------> (20,75)   
(96)       ------> (21,75)   
(97)       ------> (21,76)   
(98)       ------> (22,76)   
(99)       ------> (22,77)   
(100)      ------> (23,77)   
Stage: 2
STATE      ------> ACTION    
(0)        ------> (0,0)     
(1)        ------> (0,1)     
(2)        ------> (0,2)     
(3)        ------> (0,3)     
(4)        ------> (0,4)     
(5)        ------> (0,5)     
(6)        ------> (0,6)     
(7)        ------> (0,7)     
(8)        ------> (0,8)     
(9)        ------> (0,9)     
(10)       ------> (0,10)    
(11)       ------> (0,11)    
(12)       ------> (0,12)    
(13)       ------> (0,13)    
(14)       ------> (0,14)    
(15)       ------> (0,15)    
(16)       ------> (0,16)    
(17)       ------> (0,17)    
(18)       ------> (0,18)    
(19)       ------> (0,19)    
(20)       ------> (0,20)    
(21)       ------> (0,21)    
(22)       ------> (0,22)    
(23)       ------> (0,23)    
(24)       ------> (0,24)    
(25)       ------> (0,25)    
(26)       ------> (0,26)    
(27)       ------> (0,27)    
(28)       ------> (0,28)    
(29)       ------> (0,29)    
(30)       ------> (0,30)    
(31)       ------> (0,31)    
(32)       ------> (0,32)    
(33)       ------> (0,33)    
(34)       ------> (0,34)    
(35)       ------> (0,35)    
(36)       ------> (0,36)    
(37)       ------> (0,37)    
(38)       ------> (0,38)    
(39)       ------> (0,39)    
(40)       ------> (0,40)    
(41)       ------> (0,41)    
(42)       ------> (0,42)    
(43)       ------> (0,43)    
(44)       ------> (0,44)    
(45)       ------> (0,45)    
(46)       ------> (0,46)    
(47)       ------> (0,47)    
(48)       ------> (0,48)    
(49)       ------> (0,49)    
(50)       ------> (0,50)    
(51)       ------> (0,51)    
(52)       ------> (0,52)    
(53)       ------> (0,53)    
(54)       ------> (0,54)    
(55)       ------> (0,55)    
(56)       ------> (1,55)    
(57)       ------> (1,56)    
(58)       ------> (2,56)    
(59)       ------> (2,57)    
(60)       ------> (3,57)    
(61)       ------> (3,58)    
(62)       ------> (4,58)    
(63)       ------> (4,59)    
(64)       ------> (5,59)    
(65)       ------> (5,60)    
(66)       ------> (6,60)    
(67)       ------> (6,61)    
(68)       ------> (7,61)    
(69)       ------> (7,62)    
(70)       ------> (8,62)    
(71)       ------> (8,63)    
(72)       ------> (9,63)    
(73)       ------> (9,64)    
(74)       ------> (10,64)   
(75)       ------> (10,65)   
(76)       ------> (11,65)   
(77)       ------> (11,66)   
(78)       ------> (12,66)   
(79)       ------> (12,67)   
(80)       ------> (13,67)   
(81)       ------> (13,68)   
(82)       ------> (14,68)   
(83)       ------> (14,69)   
(84)       ------> (15,69)   
(85)       ------> (15,70)   
(86)       ------> (16,70)   
(87)       ------> (16,71)   
(88)       ------> (17,71)   
(89)       ------> (17,72)   
(90)       ------> (18,72)   
(91)       ------> (18,73)   
(92)       ------> (19,73)   
(93)       ------> (19,74)   
(94)       ------> (20,74)   
(95)       ------> (20,75)   
(96)       ------> (21,75)   
(97)       ------> (21,76)   
(98)       ------> (22,76)   
(99)       ------> (22,77)   
(100)      ------> (23,77)   
Stage: 3
STATE      ------> ACTION    
(0)        ------> (0,0)     
(1)        ------> (0,1)     
(2)        ------> (0,2)     
(3)        ------> (0,3)     
(4)        ------> (0,4)     
(5)        ------> (0,5)     
(6)        ------> (0,6)     
(7)        ------> (0,7)     
(8)        ------> (0,8)     
(9)        ------> (0,9)     
(10)       ------> (0,10)    
(11)       ------> (0,11)    
(12)       ------> (0,12)    
(13)       ------> (0,13)    
(14)       ------> (0,14)    
(15)       ------> (0,15)    
(16)       ------> (0,16)    
(17)       ------> (0,17)    
(18)       ------> (0,18)    
(19)       ------> (0,19)    
(20)       ------> (0,20)    
(21)       ------> (0,21)    
(22)       ------> (0,22)    
(23)       ------> (0,23)    
(24)       ------> (0,24)    
(25)       ------> (0,25)    
(26)       ------> (0,26)    
(27)       ------> (0,27)    
(28)       ------> (0,28)    
(29)       ------> (0,29)    
(30)       ------> (0,30)    
(31)       ------> (0,31)    
(32)       ------> (0,32)    
(33)       ------> (0,33)    
(34)       ------> (0,34)    
(35)       ------> (0,35)    
(36)       ------> (0,36)    
(37)       ------> (0,37)    
(38)       ------> (0,38)    
(39)       ------> (0,39)    
(40)       ------> (0,40)    
(41)       ------> (0,41)    
(42)       ------> (0,42)    
(43)       ------> (0,43)    
(44)       ------> (0,44)    
(45)       ------> (0,45)    
(46)       ------> (0,46)    
(47)       ------> (0,47)    
(48)       ------> (0,48)    
(49)       ------> (0,49)    
(50)       ------> (0,50)    
(51)       ------> (0,51)    
(52)       ------> (0,52)    
(53)       ------> (0,53)    
(54)       ------> (0,54)    
(55)       ------> (0,55)    
(56)       ------> (1,55)    
(57)       ------> (1,56)    
(58)       ------> (2,56)    
(59)       ------> (2,57)    
(60)       ------> (3,57)    
(61)       ------> (3,58)    
(62)       ------> (4,58)    
(63)       ------> (4,59)    
(64)       ------> (5,59)    
(65)       ------> (5,60)    
(66)       ------> (6,60)    
(67)       ------> (6,61)    
(68)       ------> (7,61)    
(69)       ------> (7,62)    
(70)       ------> (8,62)    
(71)       ------> (8,63)    
(72)       ------> (9,63)    
(73)       ------> (9,64)    
(74)       ------> (10,64)   
(75)       ------> (10,65)   
(76)       ------> (11,65)   
(77)       ------> (11,66)   
(78)       ------> (12,66)   
(79)       ------> (12,67)   
(80)       ------> (13,67)   
(81)       ------> (13,68)   
(82)       ------> (14,68)   
(83)       ------> (14,69)   
(84)       ------> (15,69)   
(85)       ------> (15,70)   
(86)       ------> (16,70)   
(87)       ------> (16,71)   
(88)       ------> (17,71)   
(89)       ------> (17,72)   
(90)       ------> (18,72)   
(91)       ------> (18,73)   
(92)       ------> (19,73)   
(93)       ------> (19,74)   
(94)       ------> (20,74)   
(95)       ------> (20,75)   
(96)       ------> (21,75)   
(97)       ------> (21,76)   
(98)       ------> (22,76)   
(99)       ------> (22,77)   
(100)      ------> (23,77)   
Stage: 4
STATE      ------> ACTION    
(0)        ------> (0,0)     
(1)        ------> (0,1)     
(2)        ------> (0,2)     
(3)        ------> (0,3)     
(4)        ------> (0,4)     
(5)        ------> (0,5)     
(6)        ------> (0,6)     
(7)        ------> (0,7)     
(8)        ------> (0,8)     
(9)        ------> (0,9)     
(10)       ------> (0,10)    
(11)       ------> (0,11)    
(12)       ------> (0,12)    
(13)       ------> (0,13)    
(14)       ------> (0,14)    
(15)       ------> (0,15)    
(16)       ------> (0,16)    
(17)       ------> (0,17)    
(18)       ------> (0,18)    
(19)       ------> (0,19)    
(20)       ------> (0,20)    
(21)       ------> (0,21)    
(22)       ------> (0,22)    
(23)       ------> (0,23)    
(24)       ------> (0,24)    
(25)       ------> (0,25)    
(26)       ------> (0,26)    
(27)       ------> (0,27)    
(28)       ------> (0,28)    
(29)       ------> (0,29)    
(30)       ------> (0,30)    
(31)       ------> (0,31)    
(32)       ------> (0,32)    
(33)       ------> (0,33)    
(34)       ------> (0,34)    
(35)       ------> (0,35)    
(36)       ------> (0,36)    
(37)       ------> (0,37)    
(38)       ------> (0,38)    
(39)       ------> (0,39)    
(40)       ------> (0,40)    
(41)       ------> (0,41)    
(42)       ------> (0,42)    
(43)       ------> (0,43)    
(44)       ------> (0,44)    
(45)       ------> (0,45)    
(46)       ------> (0,46)    
(47)       ------> (0,47)    
(48)       ------> (0,48)    
(49)       ------> (0,49)    
(50)       ------> (0,50)    
(51)       ------> (0,51)    
(52)       ------> (0,52)    
(53)       ------> (0,53)    
(54)       ------> (0,54)    
(55)       ------> (0,55)    
(56)       ------> (1,55)    
(57)       ------> (1,56)    
(58)       ------> (2,56)    
(59)       ------> (2,57)    
(60)       ------> (3,57)    
(61)       ------> (3,58)    
(62)       ------> (4,58)    
(63)       ------> (4,59)    
(64)       ------> (5,59)    
(65)       ------> (5,60)    
(66)       ------> (6,60)    
(67)       ------> (6,61)    
(68)       ------> (7,61)    
(69)       ------> (7,62)    
(70)       ------> (8,62)    
(71)       ------> (8,63)    
(72)       ------> (9,63)    
(73)       ------> (9,64)    
(74)       ------> (10,64)   
(75)       ------> (10,65)   
(76)       ------> (11,65)   
(77)       ------> (11,66)   
(78)       ------> (12,66)   
(79)       ------> (12,67)   
(80)       ------> (13,67)   
(81)       ------> (13,68)   
(82)       ------> (14,68)   
(83)       ------> (14,69)   
(84)       ------> (15,69)   
(85)       ------> (15,70)   
(86)       ------> (16,70)   
(87)       ------> (16,71)   
(88)       ------> (17,71)   
(89)       ------> (17,72)   
(90)       ------> (18,72)   
(91)       ------> (18,73)   
(92)       ------> (19,73)   
(93)       ------> (19,74)   
(94)       ------> (20,74)   
(95)       ------> (20,75)   
(96)       ------> (21,75)   
(97)       ------> (21,76)   
(98)       ------> (22,76)   
(99)       ------> (22,77)   
(100)      ------> (23,77)   
Stage: 5
STATE      ------> ACTION    
(0)        ------> (0,0)     
(1)        ------> (0,1)     
(2)        ------> (0,2)     
(3)        ------> (0,3)     
(4)        ------> (0,4)     
(5)        ------> (0,5)     
(6)        ------> (0,6)     
(7)        ------> (0,7)     
(8)        ------> (0,8)     
(9)        ------> (0,9)     
(10)       ------> (0,10)    
(11)       ------> (0,11)    
(12)       ------> (0,12)    
(13)       ------> (0,13)    
(14)       ------> (0,14)    
(15)       ------> (0,15)    
(16)       ------> (0,16)    
(17)       ------> (0,17)    
(18)       ------> (0,18)    
(19)       ------> (0,19)    
(20)       ------> (0,20)    
(21)       ------> (0,21)    
(22)       ------> (0,22)    
(23)       ------> (0,23)    
(24)       ------> (0,24)    
(25)       ------> (0,25)    
(26)       ------> (0,26)    
(27)       ------> (0,27)    
(28)       ------> (0,28)    
(29)       ------> (0,29)    
(30)       ------> (0,30)    
(31)       ------> (0,31)    
(32)       ------> (0,32)    
(33)       ------> (0,33)    
(34)       ------> (0,34)    
(35)       ------> (0,35)    
(36)       ------> (0,36)    
(37)       ------> (0,37)    
(38)       ------> (0,38)    
(39)       ------> (0,39)    
(40)       ------> (0,40)    
(41)       ------> (0,41)    
(42)       ------> (0,42)    
(43)       ------> (0,43)    
(44)       ------> (0,44)    
(45)       ------> (0,45)    
(46)       ------> (0,46)    
(47)       ------> (0,47)    
(48)       ------> (0,48)    
(49)       ------> (0,49)    
(50)       ------> (0,50)    
(51)       ------> (0,51)    
(52)       ------> (0,52)    
(53)       ------> (0,53)    
(54)       ------> (0,54)    
(55)       ------> (0,55)    
(56)       ------> (1,55)    
(57)       ------> (1,56)    
(58)       ------> (2,56)    
(59)       ------> (2,57)    
(60)       ------> (3,57)    
(61)       ------> (3,58)    
(62)       ------> (4,58)    
(63)       ------> (4,59)    
(64)       ------> (5,59)    
(65)       ------> (5,60)    
(66)       ------> (6,60)    
(67)       ------> (6,61)    
(68)       ------> (7,61)    
(69)       ------> (7,62)    
(70)       ------> (8,62)    
(71)       ------> (8,63)    
(72)       ------> (9,63)    
(73)       ------> (9,64)    
(74)       ------> (10,64)   
(75)       ------> (10,65)   
(76)       ------> (11,65)   
(77)       ------> (11,66)   
(78)       ------> (12,66)   
(79)       ------> (12,67)   
(80)       ------> (13,67)   
(81)       ------> (13,68)   
(82)       ------> (14,68)   
(83)       ------> (14,69)   
(84)       ------> (15,69)   
(85)       ------> (15,70)   
(86)       ------> (16,70)   
(87)       ------> (16,71)   
(88)       ------> (17,71)   
(89)       ------> (17,72)   
(90)       ------> (18,72)   
(91)       ------> (18,73)   
(92)       ------> (19,73)   
(93)       ------> (19,74)   
(94)       ------> (20,74)   
(95)       ------> (20,75)   
(96)       ------> (21,75)   
(97)       ------> (21,76)   
(98)       ------> (22,76)   
(99)       ------> (22,77)   
(100)      ------> (23,77)   
Stage: 6
STATE      ------> ACTION    
(0)        ------> (0,0)     
(1)        ------> (0,1)     
(2)        ------> (0,2)     
(3)        ------> (0,3)     
(4)        ------> (0,4)     
(5)        ------> (0,5)     
(6)        ------> (0,6)     
(7)        ------> (0,7)     
(8)        ------> (0,8)     
(9)        ------> (0,9)     
(10)       ------> (0,10)    
(11)       ------> (0,11)    
(12)       ------> (0,12)    
(13)       ------> (0,13)    
(14)       ------> (0,14)    
(15)       ------> (0,15)    
(16)       ------> (0,16)    
(17)       ------> (0,17)    
(18)       ------> (0,18)    
(19)       ------> (0,19)    
(20)       ------> (0,20)    
(21)       ------> (0,21)    
(22)       ------> (0,22)    
(23)       ------> (0,23)    
(24)       ------> (0,24)    
(25)       ------> (0,25)    
(26)       ------> (0,26)    
(27)       ------> (0,27)    
(28)       ------> (0,28)    
(29)       ------> (0,29)    
(30)       ------> (0,30)    
(31)       ------> (0,31)    
(32)       ------> (0,32)    
(33)       ------> (0,33)    
(34)       ------> (0,34)    
(35)       ------> (0,35)    
(36)       ------> (0,36)    
(37)       ------> (0,37)    
(38)       ------> (0,38)    
(39)       ------> (0,39)    
(40)       ------> (0,40)    
(41)       ------> (0,41)    
(42)       ------> (0,42)    
(43)       ------> (0,43)    
(44)       ------> (0,44)    
(45)       ------> (0,45)    
(46)       ------> (0,46)    
(47)       ------> (0,47)    
(48)       ------> (0,48)    
(49)       ------> (0,49)    
(50)       ------> (0,50)    
(51)       ------> (0,51)    
(52)       ------> (0,52)    
(53)       ------> (0,53)    
(54)       ------> (0,54)    
(55)       ------> (0,55)    
(56)       ------> (1,55)    
(57)       ------> (1,56)    
(58)       ------> (2,56)    
(59)       ------> (2,57)    
(60)       ------> (3,57)    
(61)       ------> (3,58)    
(62)       ------> (4,58)    
(63)       ------> (4,59)    
(64)       ------> (5,59)    
(65)       ------> (5,60)    
(66)       ------> (6,60)    
(67)       ------> (6,61)    
(68)       ------> (7,61)    
(69)       ------> (7,62)    
(70)       ------> (8,62)    
(71)       ------> (8,63)    
(72)       ------> (9,63)    
(73)       ------> (9,64)    
(74)       ------> (10,64)   
(75)       ------> (10,65)   
(76)       ------> (11,65)   
(77)       ------> (11,66)   
(78)       ------> (12,66)   
(79)       ------> (12,67)   
(80)       ------> (13,67)   
(81)       ------> (13,68)   
(82)       ------> (14,68)   
(83)       ------> (14,69)   
(84)       ------> (15,69)   
(85)       ------> (15,70)   
(86)       ------> (16,70)   
(87)       ------> (16,71)   
(88)       ------> (17,71)   
(89)       ------> (17,72)   
(90)       ------> (18,72)   
(91)       ------> (18,73)   
(92)       ------> (19,73)   
(93)       ------> (19,74)   
(94)       ------> (20,74)   
(95)       ------> (20,75)   
(96)       ------> (21,75)   
(97)       ------> (21,76)   
(98)       ------> (22,76)   
(99)       ------> (22,77)   
(100)      ------> (23,77)   
Stage: 7
STATE      ------> ACTION    
(0)        ------> (0,0)     
(1)        ------> (0,1)     
(2)        ------> (0,2)     
(3)        ------> (0,3)     
(4)        ------> (0,4)     
(5)        ------> (0,5)     
(6)        ------> (0,6)     
(7)        ------> (0,7)     
(8)        ------> (0,8)     
(9)        ------> (0,9)     
(10)       ------> (0,10)    
(11)       ------> (0,11)    
(12)       ------> (0,12)    
(13)       ------> (0,13)    
(14)       ------> (0,14)    
(15)       ------> (0,15)    
(16)       ------> (0,16)    
(17)       ------> (0,17)    
(18)       ------> (0,18)    
(19)       ------> (0,19)    
(20)       ------> (0,20)    
(21)       ------> (0,21)    
(22)       ------> (0,22)    
(23)       ------> (0,23)    
(24)       ------> (0,24)    
(25)       ------> (0,25)    
(26)       ------> (0,26)    
(27)       ------> (0,27)    
(28)       ------> (0,28)    
(29)       ------> (0,29)    
(30)       ------> (0,30)    
(31)       ------> (0,31)    
(32)       ------> (0,32)    
(33)       ------> (0,33)    
(34)       ------> (0,34)    
(35)       ------> (0,35)    
(36)       ------> (0,36)    
(37)       ------> (0,37)    
(38)       ------> (0,38)    
(39)       ------> (0,39)    
(40)       ------> (0,40)    
(41)       ------> (0,41)    
(42)       ------> (0,42)    
(43)       ------> (0,43)    
(44)       ------> (0,44)    
(45)       ------> (0,45)    
(46)       ------> (0,46)    
(47)       ------> (0,47)    
(48)       ------> (0,48)    
(49)       ------> (0,49)    
(50)       ------> (0,50)    
(51)       ------> (0,51)    
(52)       ------> (0,52)    
(53)       ------> (0,53)    
(54)       ------> (0,54)    
(55)       ------> (0,55)    
(56)       ------> (1,55)    
(57)       ------> (1,56)    
(58)       ------> (2,56)    
(59)       ------> (2,57)    
(60)       ------> (3,57)    
(61)       ------> (3,58)    
(62)       ------> (4,58)    
(63)       ------> (4,59)    
(64)       ------> (5,59)    
(65)       ------> (5,60)    
(66)       ------> (6,60)    
(67)       ------> (6,61)    
(68)       ------> (7,61)    
(69)       ------> (7,62)    
(70)       ------> (8,62)    
(71)       ------> (8,63)    
(72)       ------> (9,63)    
(73)       ------> (9,64)    
(74)       ------> (10,64)   
(75)       ------> (10,65)   
(76)       ------> (11,65)   
(77)       ------> (11,66)   
(78)       ------> (12,66)   
(79)       ------> (12,67)   
(80)       ------> (13,67)   
(81)       ------> (13,68)   
(82)       ------> (14,68)   
(83)       ------> (14,69)   
(84)       ------> (15,69)   
(85)       ------> (15,70)   
(86)       ------> (16,70)   
(87)       ------> (16,71)   
(88)       ------> (17,71)   
(89)       ------> (17,72)   
(90)       ------> (18,72)   
(91)       ------> (18,73)   
(92)       ------> (19,73)   
(93)       ------> (19,74)   
(94)       ------> (20,74)   
(95)       ------> (20,75)   
(96)       ------> (21,75)   
(97)       ------> (21,76)   
(98)       ------> (22,76)   
(99)       ------> (22,77)   
(100)      ------> (23,77)   
Stage: 8
STATE      ------> ACTION    
(0)        ------> (0,0)     
(1)        ------> (0,1)     
(2)        ------> (0,2)     
(3)        ------> (0,3)     
(4)        ------> (0,4)     
(5)        ------> (0,5)     
(6)        ------> (0,6)     
(7)        ------> (0,7)     
(8)        ------> (0,8)     
(9)        ------> (0,9)     
(10)       ------> (0,10)    
(11)       ------> (0,11)    
(12)       ------> (0,12)    
(13)       ------> (0,13)    
(14)       ------> (0,14)    
(15)       ------> (0,15)    
(16)       ------> (0,16)    
(17)       ------> (0,17)    
(18)       ------> (0,18)    
(19)       ------> (0,19)    
(20)       ------> (0,20)    
(21)       ------> (0,21)    
(22)       ------> (0,22)    
(23)       ------> (0,23)    
(24)       ------> (0,24)    
(25)       ------> (0,25)    
(26)       ------> (0,26)    
(27)       ------> (0,27)    
(28)       ------> (0,28)    
(29)       ------> (0,29)    
(30)       ------> (0,30)    
(31)       ------> (0,31)    
(32)       ------> (0,32)    
(33)       ------> (0,33)    
(34)       ------> (0,34)    
(35)       ------> (0,35)    
(36)       ------> (0,36)    
(37)       ------> (0,37)    
(38)       ------> (0,38)    
(39)       ------> (0,39)    
(40)       ------> (0,40)    
(41)       ------> (0,41)    
(42)       ------> (0,42)    
(43)       ------> (0,43)    
(44)       ------> (0,44)    
(45)       ------> (0,45)    
(46)       ------> (0,46)    
(47)       ------> (0,47)    
(48)       ------> (0,48)    
(49)       ------> (0,49)    
(50)       ------> (0,50)    
(51)       ------> (0,51)    
(52)       ------> (0,52)    
(53)       ------> (0,53)    
(54)       ------> (0,54)    
(55)       ------> (0,55)    
(56)       ------> (1,55)    
(57)       ------> (1,56)    
(58)       ------> (2,56)    
(59)       ------> (2,57)    
(60)       ------> (3,57)    
(61)       ------> (3,58)    
(62)       ------> (4,58)    
(63)       ------> (4,59)    
(64)       ------> (5,59)    
(65)       ------> (5,60)    
(66)       ------> (6,60)    
(67)       ------> (6,61)    
(68)       ------> (7,61)    
(69)       ------> (7,62)    
(70)       ------> (8,62)    
(71)       ------> (8,63)    
(72)       ------> (9,63)    
(73)       ------> (9,64)    
(74)       ------> (10,64)   
(75)       ------> (10,65)   
(76)       ------> (11,65)   
(77)       ------> (11,66)   
(78)       ------> (12,66)   
(79)       ------> (12,67)   
(80)       ------> (13,67)   
(81)       ------> (13,68)   
(82)       ------> (14,68)   
(83)       ------> (14,69)   
(84)       ------> (15,69)   
(85)       ------> (15,70)   
(86)       ------> (16,70)   
(87)       ------> (16,71)   
(88)       ------> (17,71)   
(89)       ------> (17,72)   
(90)       ------> (18,72)   
(91)       ------> (18,73)   
(92)       ------> (19,73)   
(93)       ------> (19,74)   
(94)       ------> (20,74)   
(95)       ------> (20,75)   
(96)       ------> (21,75)   
(97)       ------> (21,76)   
(98)       ------> (22,76)   
(99)       ------> (22,77)   
(100)      ------> (23,77)   
Stage: 9
STATE      ------> ACTION    
(0)        ------> (0,0)     
(1)        ------> (0,1)     
(2)        ------> (0,2)     
(3)        ------> (0,3)     
(4)        ------> (0,4)     
(5)        ------> (0,5)     
(6)        ------> (0,6)     
(7)        ------> (0,7)     
(8)        ------> (0,8)     
(9)        ------> (0,9)     
(10)       ------> (0,10)    
(11)       ------> (0,11)    
(12)       ------> (0,12)    
(13)       ------> (0,13)    
(14)       ------> (0,14)    
(15)       ------> (0,15)    
(16)       ------> (0,16)    
(17)       ------> (0,17)    
(18)       ------> (0,18)    
(19)       ------> (0,19)    
(20)       ------> (0,20)    
(21)       ------> (0,21)    
(22)       ------> (0,22)    
(23)       ------> (0,23)    
(24)       ------> (0,24)    
(25)       ------> (0,25)    
(26)       ------> (0,26)    
(27)       ------> (0,27)    
(28)       ------> (0,28)    
(29)       ------> (0,29)    
(30)       ------> (0,30)    
(31)       ------> (0,31)    
(32)       ------> (0,32)    
(33)       ------> (0,33)    
(34)       ------> (0,34)    
(35)       ------> (0,35)    
(36)       ------> (0,36)    
(37)       ------> (0,37)    
(38)       ------> (0,38)    
(39)       ------> (0,39)    
(40)       ------> (0,40)    
(41)       ------> (0,41)    
(42)       ------> (0,42)    
(43)       ------> (0,43)    
(44)       ------> (0,44)    
(45)       ------> (0,45)    
(46)       ------> (0,46)    
(47)       ------> (0,47)    
(48)       ------> (0,48)    
(49)       ------> (0,49)    
(50)       ------> (0,50)    
(51)       ------> (0,51)    
(52)       ------> (0,52)    
(53)       ------> (0,53)    
(54)       ------> (0,54)    
(55)       ------> (0,55)    
(56)       ------> (1,55)    
(57)       ------> (1,56)    
(58)       ------> (2,56)    
(59)       ------> (2,57)    
(60)       ------> (3,57)    
(61)       ------> (3,58)    
(62)       ------> (4,58)    
(63)       ------> (4,59)    
(64)       ------> (5,59)    
(65)       ------> (5,60)    
(66)       ------> (6,60)    
(67)       ------> (6,61)    
(68)       ------> (7,61)    
(69)       ------> (7,62)    
(70)       ------> (8,62)    
(71)       ------> (8,63)    
(72)       ------> (9,63)    
(73)       ------> (9,64)    
(74)       ------> (10,64)   
(75)       ------> (10,65)   
(76)       ------> (11,65)   
(77)       ------> (11,66)   
(78)       ------> (12,66)   
(79)       ------> (12,67)   
(80)       ------> (13,67)   
(81)       ------> (13,68)   
(82)       ------> (14,68)   
(83)       ------> (14,69)   
(84)       ------> (15,69)   
(85)       ------> (15,70)   
(86)       ------> (16,70)   
(87)       ------> (16,71)   
(88)       ------> (17,71)   
(89)       ------> (17,72)   
(90)       ------> (18,72)   
(91)       ------> (18,73)   
(92)       ------> (19,73)   
(93)       ------> (19,74)   
(94)       ------> (20,74)   
(95)       ------> (20,75)   
(96)       ------> (21,75)   
(97)       ------> (21,76)   
(98)       ------> (22,76)   
(99)       ------> (22,77)   
(100)      ------> (23,77)   
Value Function:
(50)         :   -8823.08
