Xing Wang
Problem: QueueControl_a
CPU Time: 49.086123246 seconds
Expected Total Reward: 
Optimal Policy: 
Default Finite horizon solver
********* Best Policy *********

Stage: 0
STATE      ------> ACTION    
(50)       ------> (39,11)   
Stage: 1
STATE      ------> ACTION    
(0)        ------> (0,0)     
(1)        ------> (0,1)     
(2)        ------> (0,2)     
(3)        ------> (0,3)     
(4)        ------> (0,4)     
(5)        ------> (0,5)     
(6)        ------> (0,6)     
(7)        ------> (0,7)     
(8)        ------> (0,8)     
(9)        ------> (0,9)     
(10)       ------> (0,10)    
(11)       ------> (0,11)    
(12)       ------> (1,11)    
(13)       ------> (2,11)    
(14)       ------> (3,11)    
(15)       ------> (4,11)    
(16)       ------> (5,11)    
(17)       ------> (6,11)    
(18)       ------> (7,11)    
(19)       ------> (8,11)    
(20)       ------> (9,11)    
(21)       ------> (10,11)   
(22)       ------> (11,11)   
(23)       ------> (12,11)   
(24)       ------> (13,11)   
(25)       ------> (14,11)   
(26)       ------> (15,11)   
(27)       ------> (16,11)   
(28)       ------> (17,11)   
(29)       ------> (18,11)   
(30)       ------> (19,11)   
(31)       ------> (20,11)   
(32)       ------> (21,11)   
(33)       ------> (22,11)   
(34)       ------> (23,11)   
(35)       ------> (24,11)   
(36)       ------> (25,11)   
(37)       ------> (26,11)   
(38)       ------> (27,11)   
(39)       ------> (28,11)   
(40)       ------> (29,11)   
(41)       ------> (30,11)   
(42)       ------> (31,11)   
(43)       ------> (32,11)   
(44)       ------> (33,11)   
(45)       ------> (34,11)   
(46)       ------> (35,11)   
(47)       ------> (36,11)   
(48)       ------> (37,11)   
(49)       ------> (38,11)   
(50)       ------> (39,11)   
(51)       ------> (40,11)   
(52)       ------> (41,11)   
(53)       ------> (41,12)   
(54)       ------> (42,12)   
(55)       ------> (43,12)   
(56)       ------> (44,12)   
(57)       ------> (45,12)   
(58)       ------> (46,12)   
(59)       ------> (47,12)   
(60)       ------> (48,12)   
(61)       ------> (48,13)   
(62)       ------> (49,13)   
(63)       ------> (50,13)   
(64)       ------> (51,13)   
(65)       ------> (52,13)   
(66)       ------> (52,14)   
(67)       ------> (53,14)   
(68)       ------> (54,14)   
(69)       ------> (55,14)   
(70)       ------> (55,15)   
(71)       ------> (56,15)   
(72)       ------> (57,15)   
(73)       ------> (57,16)   
(74)       ------> (58,16)   
(75)       ------> (59,16)   
(76)       ------> (59,16)   
(77)       ------> (59,16)   
(78)       ------> (59,16)   
(79)       ------> (59,16)   
(80)       ------> (59,16)   
(81)       ------> (59,16)   
(82)       ------> (59,16)   
(83)       ------> (59,16)   
(84)       ------> (59,16)   
(85)       ------> (59,16)   
(86)       ------> (59,16)   
(87)       ------> (59,16)   
(88)       ------> (59,16)   
(89)       ------> (59,16)   
(90)       ------> (59,16)   
(91)       ------> (59,16)   
(92)       ------> (59,16)   
(93)       ------> (59,16)   
(94)       ------> (59,16)   
(95)       ------> (59,16)   
(96)       ------> (59,16)   
(97)       ------> (59,16)   
(98)       ------> (59,16)   
(99)       ------> (59,16)   
(100)      ------> (59,16)   
Stage: 2
STATE      ------> ACTION    
(0)        ------> (0,0)     
(1)        ------> (0,1)     
(2)        ------> (0,2)     
(3)        ------> (0,3)     
(4)        ------> (0,4)     
(5)        ------> (0,5)     
(6)        ------> (0,6)     
(7)        ------> (0,7)     
(8)        ------> (0,8)     
(9)        ------> (0,9)     
(10)       ------> (0,10)    
(11)       ------> (0,11)    
(12)       ------> (1,11)    
(13)       ------> (2,11)    
(14)       ------> (3,11)    
(15)       ------> (4,11)    
(16)       ------> (5,11)    
(17)       ------> (6,11)    
(18)       ------> (7,11)    
(19)       ------> (8,11)    
(20)       ------> (9,11)    
(21)       ------> (10,11)   
(22)       ------> (11,11)   
(23)       ------> (12,11)   
(24)       ------> (13,11)   
(25)       ------> (14,11)   
(26)       ------> (15,11)   
(27)       ------> (16,11)   
(28)       ------> (17,11)   
(29)       ------> (18,11)   
(30)       ------> (19,11)   
(31)       ------> (20,11)   
(32)       ------> (21,11)   
(33)       ------> (22,11)   
(34)       ------> (23,11)   
(35)       ------> (24,11)   
(36)       ------> (25,11)   
(37)       ------> (26,11)   
(38)       ------> (27,11)   
(39)       ------> (28,11)   
(40)       ------> (29,11)   
(41)       ------> (30,11)   
(42)       ------> (31,11)   
(43)       ------> (32,11)   
(44)       ------> (33,11)   
(45)       ------> (34,11)   
(46)       ------> (35,11)   
(47)       ------> (36,11)   
(48)       ------> (37,11)   
(49)       ------> (38,11)   
(50)       ------> (39,11)   
(51)       ------> (40,11)   
(52)       ------> (41,11)   
(53)       ------> (41,12)   
(54)       ------> (42,12)   
(55)       ------> (43,12)   
(56)       ------> (44,12)   
(57)       ------> (45,12)   
(58)       ------> (46,12)   
(59)       ------> (47,12)   
(60)       ------> (48,12)   
(61)       ------> (48,13)   
(62)       ------> (49,13)   
(63)       ------> (50,13)   
(64)       ------> (51,13)   
(65)       ------> (52,13)   
(66)       ------> (52,14)   
(67)       ------> (53,14)   
(68)       ------> (54,14)   
(69)       ------> (55,14)   
(70)       ------> (55,15)   
(71)       ------> (56,15)   
(72)       ------> (57,15)   
(73)       ------> (57,16)   
(74)       ------> (58,16)   
(75)       ------> (59,16)   
(76)       ------> (59,16)   
(77)       ------> (59,16)   
(78)       ------> (59,16)   
(79)       ------> (59,16)   
(80)       ------> (59,16)   
(81)       ------> (59,16)   
(82)       ------> (59,16)   
(83)       ------> (59,16)   
(84)       ------> (59,16)   
(85)       ------> (59,16)   
(86)       ------> (59,16)   
(87)       ------> (59,16)   
(88)       ------> (59,16)   
(89)       ------> (59,16)   
(90)       ------> (59,16)   
(91)       ------> (59,16)   
(92)       ------> (59,16)   
(93)       ------> (59,16)   
(94)       ------> (59,16)   
(95)       ------> (59,16)   
(96)       ------> (59,16)   
(97)       ------> (59,16)   
(98)       ------> (59,16)   
(99)       ------> (59,16)   
(100)      ------> (59,16)   
Stage: 3
STATE      ------> ACTION    
(0)        ------> (0,0)     
(1)        ------> (0,1)     
(2)        ------> (0,2)     
(3)        ------> (0,3)     
(4)        ------> (0,4)     
(5)        ------> (0,5)     
(6)        ------> (0,6)     
(7)        ------> (0,7)     
(8)        ------> (0,8)     
(9)        ------> (0,9)     
(10)       ------> (0,10)    
(11)       ------> (0,11)    
(12)       ------> (1,11)    
(13)       ------> (2,11)    
(14)       ------> (3,11)    
(15)       ------> (4,11)    
(16)       ------> (5,11)    
(17)       ------> (6,11)    
(18)       ------> (7,11)    
(19)       ------> (8,11)    
(20)       ------> (9,11)    
(21)       ------> (10,11)   
(22)       ------> (11,11)   
(23)       ------> (12,11)   
(24)       ------> (13,11)   
(25)       ------> (14,11)   
(26)       ------> (15,11)   
(27)       ------> (16,11)   
(28)       ------> (17,11)   
(29)       ------> (18,11)   
(30)       ------> (19,11)   
(31)       ------> (20,11)   
(32)       ------> (21,11)   
(33)       ------> (22,11)   
(34)       ------> (23,11)   
(35)       ------> (24,11)   
(36)       ------> (25,11)   
(37)       ------> (26,11)   
(38)       ------> (27,11)   
(39)       ------> (28,11)   
(40)       ------> (29,11)   
(41)       ------> (30,11)   
(42)       ------> (31,11)   
(43)       ------> (32,11)   
(44)       ------> (33,11)   
(45)       ------> (34,11)   
(46)       ------> (35,11)   
(47)       ------> (36,11)   
(48)       ------> (37,11)   
(49)       ------> (38,11)   
(50)       ------> (39,11)   
(51)       ------> (40,11)   
(52)       ------> (41,11)   
(53)       ------> (41,12)   
(54)       ------> (42,12)   
(55)       ------> (43,12)   
(56)       ------> (44,12)   
(57)       ------> (45,12)   
(58)       ------> (46,12)   
(59)       ------> (47,12)   
(60)       ------> (48,12)   
(61)       ------> (48,13)   
(62)       ------> (49,13)   
(63)       ------> (50,13)   
(64)       ------> (51,13)   
(65)       ------> (52,13)   
(66)       ------> (52,14)   
(67)       ------> (53,14)   
(68)       ------> (54,14)   
(69)       ------> (55,14)   
(70)       ------> (55,15)   
(71)       ------> (56,15)   
(72)       ------> (57,15)   
(73)       ------> (57,16)   
(74)       ------> (58,16)   
(75)       ------> (59,16)   
(76)       ------> (59,16)   
(77)       ------> (59,16)   
(78)       ------> (59,16)   
(79)       ------> (59,16)   
(80)       ------> (59,16)   
(81)       ------> (59,16)   
(82)       ------> (59,16)   
(83)       ------> (59,16)   
(84)       ------> (59,16)   
(85)       ------> (59,16)   
(86)       ------> (59,16)   
(87)       ------> (59,16)   
(88)       ------> (59,16)   
(89)       ------> (59,16)   
(90)       ------> (59,16)   
(91)       ------> (59,16)   
(92)       ------> (59,16)   
(93)       ------> (59,16)   
(94)       ------> (59,16)   
(95)       ------> (59,16)   
(96)       ------> (59,16)   
(97)       ------> (59,16)   
(98)       ------> (59,16)   
(99)       ------> (59,16)   
(100)      ------> (59,16)   
Stage: 4
STATE      ------> ACTION    
(0)        ------> (0,0)     
(1)        ------> (0,1)     
(2)        ------> (0,2)     
(3)        ------> (0,3)     
(4)        ------> (0,4)     
(5)        ------> (0,5)     
(6)        ------> (0,6)     
(7)        ------> (0,7)     
(8)        ------> (0,8)     
(9)        ------> (0,9)     
(10)       ------> (0,10)    
(11)       ------> (0,11)    
(12)       ------> (1,11)    
(13)       ------> (2,11)    
(14)       ------> (3,11)    
(15)       ------> (4,11)    
(16)       ------> (5,11)    
(17)       ------> (6,11)    
(18)       ------> (7,11)    
(19)       ------> (8,11)    
(20)       ------> (9,11)    
(21)       ------> (10,11)   
(22)       ------> (11,11)   
(23)       ------> (12,11)   
(24)       ------> (13,11)   
(25)       ------> (14,11)   
(26)       ------> (15,11)   
(27)       ------> (16,11)   
(28)       ------> (17,11)   
(29)       ------> (18,11)   
(30)       ------> (19,11)   
(31)       ------> (20,11)   
(32)       ------> (21,11)   
(33)       ------> (22,11)   
(34)       ------> (23,11)   
(35)       ------> (24,11)   
(36)       ------> (25,11)   
(37)       ------> (26,11)   
(38)       ------> (27,11)   
(39)       ------> (28,11)   
(40)       ------> (29,11)   
(41)       ------> (30,11)   
(42)       ------> (31,11)   
(43)       ------> (32,11)   
(44)       ------> (33,11)   
(45)       ------> (34,11)   
(46)       ------> (35,11)   
(47)       ------> (36,11)   
(48)       ------> (37,11)   
(49)       ------> (38,11)   
(50)       ------> (39,11)   
(51)       ------> (40,11)   
(52)       ------> (41,11)   
(53)       ------> (41,12)   
(54)       ------> (42,12)   
(55)       ------> (43,12)   
(56)       ------> (44,12)   
(57)       ------> (45,12)   
(58)       ------> (46,12)   
(59)       ------> (47,12)   
(60)       ------> (48,12)   
(61)       ------> (48,13)   
(62)       ------> (49,13)   
(63)       ------> (50,13)   
(64)       ------> (51,13)   
(65)       ------> (52,13)   
(66)       ------> (52,14)   
(67)       ------> (53,14)   
(68)       ------> (54,14)   
(69)       ------> (55,14)   
(70)       ------> (55,15)   
(71)       ------> (56,15)   
(72)       ------> (57,15)   
(73)       ------> (57,16)   
(74)       ------> (58,16)   
(75)       ------> (59,16)   
(76)       ------> (59,16)   
(77)       ------> (59,16)   
(78)       ------> (59,16)   
(79)       ------> (59,16)   
(80)       ------> (59,16)   
(81)       ------> (59,16)   
(82)       ------> (59,16)   
(83)       ------> (59,16)   
(84)       ------> (59,16)   
(85)       ------> (59,16)   
(86)       ------> (59,16)   
(87)       ------> (59,16)   
(88)       ------> (59,16)   
(89)       ------> (59,16)   
(90)       ------> (59,16)   
(91)       ------> (59,16)   
(92)       ------> (59,16)   
(93)       ------> (59,16)   
(94)       ------> (59,16)   
(95)       ------> (59,16)   
(96)       ------> (59,16)   
(97)       ------> (59,16)   
(98)       ------> (59,16)   
(99)       ------> (59,16)   
(100)      ------> (59,16)   
Stage: 5
STATE      ------> ACTION    
(0)        ------> (0,0)     
(1)        ------> (0,1)     
(2)        ------> (0,2)     
(3)        ------> (0,3)     
(4)        ------> (0,4)     
(5)        ------> (0,5)     
(6)        ------> (0,6)     
(7)        ------> (0,7)     
(8)        ------> (0,8)     
(9)        ------> (0,9)     
(10)       ------> (0,10)    
(11)       ------> (0,11)    
(12)       ------> (1,11)    
(13)       ------> (2,11)    
(14)       ------> (3,11)    
(15)       ------> (4,11)    
(16)       ------> (5,11)    
(17)       ------> (6,11)    
(18)       ------> (7,11)    
(19)       ------> (8,11)    
(20)       ------> (9,11)    
(21)       ------> (10,11)   
(22)       ------> (11,11)   
(23)       ------> (12,11)   
(24)       ------> (13,11)   
(25)       ------> (14,11)   
(26)       ------> (15,11)   
(27)       ------> (16,11)   
(28)       ------> (17,11)   
(29)       ------> (18,11)   
(30)       ------> (19,11)   
(31)       ------> (20,11)   
(32)       ------> (21,11)   
(33)       ------> (22,11)   
(34)       ------> (23,11)   
(35)       ------> (24,11)   
(36)       ------> (25,11)   
(37)       ------> (26,11)   
(38)       ------> (27,11)   
(39)       ------> (28,11)   
(40)       ------> (29,11)   
(41)       ------> (30,11)   
(42)       ------> (31,11)   
(43)       ------> (32,11)   
(44)       ------> (33,11)   
(45)       ------> (34,11)   
(46)       ------> (35,11)   
(47)       ------> (36,11)   
(48)       ------> (37,11)   
(49)       ------> (38,11)   
(50)       ------> (39,11)   
(51)       ------> (40,11)   
(52)       ------> (41,11)   
(53)       ------> (41,12)   
(54)       ------> (42,12)   
(55)       ------> (43,12)   
(56)       ------> (44,12)   
(57)       ------> (45,12)   
(58)       ------> (46,12)   
(59)       ------> (47,12)   
(60)       ------> (48,12)   
(61)       ------> (48,13)   
(62)       ------> (49,13)   
(63)       ------> (50,13)   
(64)       ------> (51,13)   
(65)       ------> (52,13)   
(66)       ------> (52,14)   
(67)       ------> (53,14)   
(68)       ------> (54,14)   
(69)       ------> (55,14)   
(70)       ------> (55,15)   
(71)       ------> (56,15)   
(72)       ------> (57,15)   
(73)       ------> (57,16)   
(74)       ------> (58,16)   
(75)       ------> (59,16)   
(76)       ------> (59,16)   
(77)       ------> (59,16)   
(78)       ------> (59,16)   
(79)       ------> (59,16)   
(80)       ------> (59,16)   
(81)       ------> (59,16)   
(82)       ------> (59,16)   
(83)       ------> (59,16)   
(84)       ------> (59,16)   
(85)       ------> (59,16)   
(86)       ------> (59,16)   
(87)       ------> (59,16)   
(88)       ------> (59,16)   
(89)       ------> (59,16)   
(90)       ------> (59,16)   
(91)       ------> (59,16)   
(92)       ------> (59,16)   
(93)       ------> (59,16)   
(94)       ------> (59,16)   
(95)       ------> (59,16)   
(96)       ------> (59,16)   
(97)       ------> (59,16)   
(98)       ------> (59,16)   
(99)       ------> (59,16)   
(100)      ------> (59,16)   
Stage: 6
STATE      ------> ACTION    
(0)        ------> (0,0)     
(1)        ------> (0,1)     
(2)        ------> (0,2)     
(3)        ------> (0,3)     
(4)        ------> (0,4)     
(5)        ------> (0,5)     
(6)        ------> (0,6)     
(7)        ------> (0,7)     
(8)        ------> (0,8)     
(9)        ------> (0,9)     
(10)       ------> (0,10)    
(11)       ------> (0,11)    
(12)       ------> (1,11)    
(13)       ------> (2,11)    
(14)       ------> (3,11)    
(15)       ------> (4,11)    
(16)       ------> (5,11)    
(17)       ------> (6,11)    
(18)       ------> (7,11)    
(19)       ------> (8,11)    
(20)       ------> (9,11)    
(21)       ------> (10,11)   
(22)       ------> (11,11)   
(23)       ------> (12,11)   
(24)       ------> (13,11)   
(25)       ------> (14,11)   
(26)       ------> (15,11)   
(27)       ------> (16,11)   
(28)       ------> (17,11)   
(29)       ------> (18,11)   
(30)       ------> (19,11)   
(31)       ------> (20,11)   
(32)       ------> (21,11)   
(33)       ------> (22,11)   
(34)       ------> (23,11)   
(35)       ------> (24,11)   
(36)       ------> (25,11)   
(37)       ------> (26,11)   
(38)       ------> (27,11)   
(39)       ------> (28,11)   
(40)       ------> (29,11)   
(41)       ------> (30,11)   
(42)       ------> (31,11)   
(43)       ------> (32,11)   
(44)       ------> (33,11)   
(45)       ------> (34,11)   
(46)       ------> (35,11)   
(47)       ------> (36,11)   
(48)       ------> (37,11)   
(49)       ------> (38,11)   
(50)       ------> (39,11)   
(51)       ------> (40,11)   
(52)       ------> (41,11)   
(53)       ------> (41,12)   
(54)       ------> (42,12)   
(55)       ------> (43,12)   
(56)       ------> (44,12)   
(57)       ------> (45,12)   
(58)       ------> (46,12)   
(59)       ------> (47,12)   
(60)       ------> (48,12)   
(61)       ------> (48,13)   
(62)       ------> (49,13)   
(63)       ------> (50,13)   
(64)       ------> (51,13)   
(65)       ------> (52,13)   
(66)       ------> (52,14)   
(67)       ------> (53,14)   
(68)       ------> (54,14)   
(69)       ------> (55,14)   
(70)       ------> (55,15)   
(71)       ------> (56,15)   
(72)       ------> (57,15)   
(73)       ------> (57,16)   
(74)       ------> (58,16)   
(75)       ------> (59,16)   
(76)       ------> (59,16)   
(77)       ------> (59,16)   
(78)       ------> (59,16)   
(79)       ------> (59,16)   
(80)       ------> (59,16)   
(81)       ------> (59,16)   
(82)       ------> (59,16)   
(83)       ------> (59,16)   
(84)       ------> (59,16)   
(85)       ------> (59,16)   
(86)       ------> (59,16)   
(87)       ------> (59,16)   
(88)       ------> (59,16)   
(89)       ------> (59,16)   
(90)       ------> (59,16)   
(91)       ------> (59,16)   
(92)       ------> (59,16)   
(93)       ------> (59,16)   
(94)       ------> (59,16)   
(95)       ------> (59,16)   
(96)       ------> (59,16)   
(97)       ------> (59,16)   
(98)       ------> (59,16)   
(99)       ------> (59,16)   
(100)      ------> (59,16)   
Stage: 7
STATE      ------> ACTION    
(0)        ------> (0,0)     
(1)        ------> (0,1)     
(2)        ------> (0,2)     
(3)        ------> (0,3)     
(4)        ------> (0,4)     
(5)        ------> (0,5)     
(6)        ------> (0,6)     
(7)        ------> (0,7)     
(8)        ------> (0,8)     
(9)        ------> (0,9)     
(10)       ------> (0,10)    
(11)       ------> (0,11)    
(12)       ------> (1,11)    
(13)       ------> (2,11)    
(14)       ------> (3,11)    
(15)       ------> (4,11)    
(16)       ------> (5,11)    
(17)       ------> (6,11)    
(18)       ------> (7,11)    
(19)       ------> (8,11)    
(20)       ------> (9,11)    
(21)       ------> (10,11)   
(22)       ------> (11,11)   
(23)       ------> (12,11)   
(24)       ------> (13,11)   
(25)       ------> (14,11)   
(26)       ------> (15,11)   
(27)       ------> (16,11)   
(28)       ------> (17,11)   
(29)       ------> (18,11)   
(30)       ------> (19,11)   
(31)       ------> (20,11)   
(32)       ------> (21,11)   
(33)       ------> (22,11)   
(34)       ------> (23,11)   
(35)       ------> (24,11)   
(36)       ------> (25,11)   
(37)       ------> (26,11)   
(38)       ------> (27,11)   
(39)       ------> (28,11)   
(40)       ------> (29,11)   
(41)       ------> (30,11)   
(42)       ------> (31,11)   
(43)       ------> (32,11)   
(44)       ------> (33,11)   
(45)       ------> (34,11)   
(46)       ------> (35,11)   
(47)       ------> (36,11)   
(48)       ------> (37,11)   
(49)       ------> (38,11)   
(50)       ------> (39,11)   
(51)       ------> (40,11)   
(52)       ------> (41,11)   
(53)       ------> (41,12)   
(54)       ------> (42,12)   
(55)       ------> (43,12)   
(56)       ------> (44,12)   
(57)       ------> (45,12)   
(58)       ------> (46,12)   
(59)       ------> (47,12)   
(60)       ------> (48,12)   
(61)       ------> (48,13)   
(62)       ------> (49,13)   
(63)       ------> (50,13)   
(64)       ------> (51,13)   
(65)       ------> (52,13)   
(66)       ------> (52,14)   
(67)       ------> (53,14)   
(68)       ------> (54,14)   
(69)       ------> (55,14)   
(70)       ------> (55,15)   
(71)       ------> (56,15)   
(72)       ------> (57,15)   
(73)       ------> (57,16)   
(74)       ------> (58,16)   
(75)       ------> (59,16)   
(76)       ------> (59,16)   
(77)       ------> (59,16)   
(78)       ------> (59,16)   
(79)       ------> (59,16)   
(80)       ------> (59,16)   
(81)       ------> (59,16)   
(82)       ------> (59,16)   
(83)       ------> (59,16)   
(84)       ------> (59,16)   
(85)       ------> (59,16)   
(86)       ------> (59,16)   
(87)       ------> (59,16)   
(88)       ------> (59,16)   
(89)       ------> (59,16)   
(90)       ------> (59,16)   
(91)       ------> (59,16)   
(92)       ------> (59,16)   
(93)       ------> (59,16)   
(94)       ------> (59,16)   
(95)       ------> (59,16)   
(96)       ------> (59,16)   
(97)       ------> (59,16)   
(98)       ------> (59,16)   
(99)       ------> (59,16)   
(100)      ------> (59,16)   
Stage: 8
STATE      ------> ACTION    
(0)        ------> (0,0)     
(1)        ------> (0,1)     
(2)        ------> (0,2)     
(3)        ------> (0,3)     
(4)        ------> (0,4)     
(5)        ------> (0,5)     
(6)        ------> (0,6)     
(7)        ------> (0,7)     
(8)        ------> (0,8)     
(9)        ------> (0,9)     
(10)       ------> (0,10)    
(11)       ------> (0,11)    
(12)       ------> (1,11)    
(13)       ------> (2,11)    
(14)       ------> (3,11)    
(15)       ------> (4,11)    
(16)       ------> (5,11)    
(17)       ------> (6,11)    
(18)       ------> (7,11)    
(19)       ------> (8,11)    
(20)       ------> (9,11)    
(21)       ------> (10,11)   
(22)       ------> (11,11)   
(23)       ------> (12,11)   
(24)       ------> (13,11)   
(25)       ------> (14,11)   
(26)       ------> (15,11)   
(27)       ------> (16,11)   
(28)       ------> (17,11)   
(29)       ------> (18,11)   
(30)       ------> (19,11)   
(31)       ------> (20,11)   
(32)       ------> (21,11)   
(33)       ------> (22,11)   
(34)       ------> (23,11)   
(35)       ------> (24,11)   
(36)       ------> (25,11)   
(37)       ------> (26,11)   
(38)       ------> (27,11)   
(39)       ------> (28,11)   
(40)       ------> (29,11)   
(41)       ------> (30,11)   
(42)       ------> (31,11)   
(43)       ------> (32,11)   
(44)       ------> (33,11)   
(45)       ------> (34,11)   
(46)       ------> (35,11)   
(47)       ------> (36,11)   
(48)       ------> (37,11)   
(49)       ------> (38,11)   
(50)       ------> (39,11)   
(51)       ------> (40,11)   
(52)       ------> (41,11)   
(53)       ------> (41,12)   
(54)       ------> (42,12)   
(55)       ------> (43,12)   
(56)       ------> (44,12)   
(57)       ------> (45,12)   
(58)       ------> (46,12)   
(59)       ------> (47,12)   
(60)       ------> (48,12)   
(61)       ------> (48,13)   
(62)       ------> (49,13)   
(63)       ------> (50,13)   
(64)       ------> (51,13)   
(65)       ------> (52,13)   
(66)       ------> (52,14)   
(67)       ------> (53,14)   
(68)       ------> (54,14)   
(69)       ------> (55,14)   
(70)       ------> (55,15)   
(71)       ------> (56,15)   
(72)       ------> (57,15)   
(73)       ------> (57,16)   
(74)       ------> (58,16)   
(75)       ------> (59,16)   
(76)       ------> (59,16)   
(77)       ------> (59,16)   
(78)       ------> (59,16)   
(79)       ------> (59,16)   
(80)       ------> (59,16)   
(81)       ------> (59,16)   
(82)       ------> (59,16)   
(83)       ------> (59,16)   
(84)       ------> (59,16)   
(85)       ------> (59,16)   
(86)       ------> (59,16)   
(87)       ------> (59,16)   
(88)       ------> (59,16)   
(89)       ------> (59,16)   
(90)       ------> (59,16)   
(91)       ------> (59,16)   
(92)       ------> (59,16)   
(93)       ------> (59,16)   
(94)       ------> (59,16)   
(95)       ------> (59,16)   
(96)       ------> (59,16)   
(97)       ------> (59,16)   
(98)       ------> (59,16)   
(99)       ------> (59,16)   
(100)      ------> (59,16)   
Stage: 9
STATE      ------> ACTION    
(0)        ------> (0,0)     
(1)        ------> (0,1)     
(2)        ------> (0,2)     
(3)        ------> (0,3)     
(4)        ------> (0,4)     
(5)        ------> (0,5)     
(6)        ------> (0,6)     
(7)        ------> (0,7)     
(8)        ------> (0,8)     
(9)        ------> (0,9)     
(10)       ------> (0,10)    
(11)       ------> (0,11)    
(12)       ------> (1,11)    
(13)       ------> (2,11)    
(14)       ------> (3,11)    
(15)       ------> (4,11)    
(16)       ------> (5,11)    
(17)       ------> (6,11)    
(18)       ------> (7,11)    
(19)       ------> (8,11)    
(20)       ------> (9,11)    
(21)       ------> (10,11)   
(22)       ------> (11,11)   
(23)       ------> (12,11)   
(24)       ------> (13,11)   
(25)       ------> (14,11)   
(26)       ------> (15,11)   
(27)       ------> (16,11)   
(28)       ------> (17,11)   
(29)       ------> (18,11)   
(30)       ------> (19,11)   
(31)       ------> (20,11)   
(32)       ------> (21,11)   
(33)       ------> (22,11)   
(34)       ------> (23,11)   
(35)       ------> (24,11)   
(36)       ------> (25,11)   
(37)       ------> (26,11)   
(38)       ------> (27,11)   
(39)       ------> (28,11)   
(40)       ------> (29,11)   
(41)       ------> (30,11)   
(42)       ------> (31,11)   
(43)       ------> (32,11)   
(44)       ------> (33,11)   
(45)       ------> (34,11)   
(46)       ------> (35,11)   
(47)       ------> (36,11)   
(48)       ------> (37,11)   
(49)       ------> (38,11)   
(50)       ------> (39,11)   
(51)       ------> (40,11)   
(52)       ------> (41,11)   
(53)       ------> (41,12)   
(54)       ------> (42,12)   
(55)       ------> (43,12)   
(56)       ------> (44,12)   
(57)       ------> (45,12)   
(58)       ------> (46,12)   
(59)       ------> (47,12)   
(60)       ------> (48,12)   
(61)       ------> (48,13)   
(62)       ------> (49,13)   
(63)       ------> (50,13)   
(64)       ------> (51,13)   
(65)       ------> (52,13)   
(66)       ------> (52,14)   
(67)       ------> (53,14)   
(68)       ------> (54,14)   
(69)       ------> (55,14)   
(70)       ------> (55,15)   
(71)       ------> (56,15)   
(72)       ------> (57,15)   
(73)       ------> (57,16)   
(74)       ------> (58,16)   
(75)       ------> (59,16)   
(76)       ------> (59,16)   
(77)       ------> (59,16)   
(78)       ------> (59,16)   
(79)       ------> (59,16)   
(80)       ------> (59,16)   
(81)       ------> (59,16)   
(82)       ------> (59,16)   
(83)       ------> (59,16)   
(84)       ------> (59,16)   
(85)       ------> (59,16)   
(86)       ------> (59,16)   
(87)       ------> (59,16)   
(88)       ------> (59,16)   
(89)       ------> (59,16)   
(90)       ------> (59,16)   
(91)       ------> (59,16)   
(92)       ------> (59,16)   
(93)       ------> (59,16)   
(94)       ------> (59,16)   
(95)       ------> (59,16)   
(96)       ------> (59,16)   
(97)       ------> (59,16)   
(98)       ------> (59,16)   
(99)       ------> (59,16)   
(100)      ------> (59,16)   
Value Function:
(50)         :   -5219.40
